吴纯 032031986 1.02309 1 1 1 1 1 1 1 1 1 1 1 1 1 1 1 1 1 1 1 1 
周韵 032005963 1.09916 1 0 0 0 0 0 1 0 0 0 0 0 0 0 1 0 0 0 0 1 
卫世 032030223 3.86623 1 1 1 1 1 1 1 1 1 1 1 1 1 1 1 1 1 1 1 1 
钱力 032023341 1.10372 0 0 1 0 0 1 0 0 0 0 0 0 1 0 0 0 1 0 0 0 
陈冰 032013893 3.79131 1 1 1 1 1 1 1 1 1 1 1 1 1 1 1 1 1 1 1 1 
卫爽 032025862 3.74145 1 1 1 1 1 1 1 1 1 1 1 1 1 1 1 1 1 1 1 1 
李世 032042097 1.14239 0 1 0 0 0 1 0 1 0 0 0 0 0 1 0 0 0 0 0 0 
卫永 032007349 3.69297 1 1 1 1 1 1 1 1 1 1 1 1 1 1 1 1 1 1 1 1 
王羽 032029307 3.67221 1 1 1 1 1 1 1 1 1 1 1 1 1 1 1 1 1 1 1 1 
李志 032012508 3.66572 1 1 1 1 1 1 1 1 1 1 1 1 1 1 1 1 1 1 1 1 
郑辉 032021197 1.15025 0 0 0 0 0 0 0 0 0 0 0 0 0 1 1 0 1 0 1 0 
沈融 032010996 1.18169 0 0 1 1 1 0 0 0 0 0 0 1 0 0 0 0 0 0 0 0 
陈琰 032058254 3.53794 1 1 1 1 1 1 1 1 1 1 1 1 1 1 1 1 1 1 1 1 
周平 032028602 1.20053 0 0 0 0 0 0 0 0 0 1 0 0 0 1 0 1 0 1 0 0 
吴东 032038012 1.21806 0 0 0 0 1 1 0 0 0 0 0 0 1 1 0 0 0 0 0 0 
褚艺 032061633 3.52453 1 1 1 1 1 1 1 1 1 1 1 1 1 1 1 1 1 1 1 1 
郑茗 032056667 3.40922 1 1 1 1 1 1 1 1 1 1 1 1 1 1 1 1 1 1 1 1 
蒋韵 032019897 1.27220 1 1 1 1 1 1 1 1 1 1 1 1 1 1 1 1 1 1 1 1 
卫艺 032007636 3.28659 1 1 1 1 1 1 1 1 1 1 1 1 1 1 1 1 1 1 1 1 
褚琰 032054120 3.26923 1 1 1 1 1 1 1 1 1 1 1 1 1 1 1 1 1 1 1 1 
沈勇 032018195 1.37610 0 0 0 0 0 1 0 1 0 0 0 1 0 0 0 0 0 0 0 1 
陈冰 032057444 3.24488 1 1 1 1 1 1 1 1 1 1 1 1 1 1 1 1 1 1 1 1 
卫琰 032053432 1.39128 1 1 1 1 1 1 1 1 1 1 1 1 1 1 1 1 1 1 1 1 
冯毓 032034005 3.12946 0 0 0 0 0 0 0 0 0 0 0 0 0 0 0 0 0 0 0 0 
周羽 032017409 1.39461 1 1 1 1 1 1 1 1 1 1 1 1 1 1 1 1 1 1 1 1 
蒋茗 032052586 3.06537 1 1 1 1 1 1 1 1 1 1 1 1 1 1 1 1 1 1 1 1 
吴强 032065090 3.06032 1 1 1 1 1 1 1 1 1 1 1 1 1 1 1 1 1 1 1 1 
沈健 032034746 1.40533 1 1 1 1 1 1 1 1 1 1 1 1 1 1 1 1 1 1 1 1 
郑琬 032042322 3.03659 1 1 1 1 1 1 1 1 1 1 1 1 1 1 1 1 1 1 1 1 
王保 032024442 1.42606 1 1 1 1 1 1 1 1 1 1 1 1 1 1 1 1 1 1 1 1 
钱俊 032021683 2.95618 1 1 1 1 1 1 1 1 1 1 1 1 1 1 1 1 1 1 1 1 
褚融 032014562 2.95376 1 1 1 1 1 1 1 1 1 1 1 1 1 1 1 1 1 1 1 1 
韩健 032022941 2.88863 1 1 1 1 1 1 1 1 1 1 1 1 1 1 1 1 1 1 1 1 
褚瑗 032000834 2.88781 1 1 1 1 1 1 1 1 1 1 1 1 1 1 1 1 1 1 1 1 
韩冰 032049293 2.71496 1 1 1 1 1 1 1 1 1 1 1 1 1 1 1 1 1 1 1 1 
吴文 032000483 2.69470 1 1 1 1 1 1 1 1 1 1 1 1 1 1 1 1 1 1 1 1 
钱峰 032038492 1.44260 1 1 1 1 1 1 1 1 1 1 1 1 1 1 1 1 1 1 1 1 
沈园 032060661 2.58079 1 1 1 1 1 1 1 1 1 1 1 1 1 1 1 1 1 1 1 1 
冯文 032027954 2.55825 1 1 1 1 1 1 1 1 1 1 1 1 1 1 1 1 1 1 1 1 
钱强 032069357 2.53982 1 1 1 1 1 1 1 1 1 1 1 1 1 1 1 1 1 1 1 1 
孙爽 032048499 2.51357 1 1 1 1 1 1 1 1 1 1 1 1 1 1 1 1 1 1 1 1 
王琬 032015540 1.44445 1 1 1 1 1 1 1 1 1 1 1 1 1 1 1 1 1 1 1 1 
吴咏 032015951 1.48660 1 1 1 1 1 1 1 1 1 1 1 1 1 1 1 1 1 1 1 1 
沈峰 032029038 2.46554 1 1 1 1 1 1 1 1 1 1 1 1 1 1 1 1 1 1 1 1 
钱明 032018984 2.43320 1 1 1 1 1 1 1 1 1 1 1 1 1 1 1 1 1 1 1 1 
孙世 032071916 2.42930 1 1 1 1 1 1 1 1 1 1 1 1 1 1 1 1 1 1 1 1 
周琬 032018621 2.40375 1 1 1 1 1 1 1 1 1 1 1 1 1 1 1 1 1 1 1 1 
卫羽 032039246 2.39334 1 1 1 1 1 1 1 1 1 1 1 1 1 1 1 1 1 1 1 1 
沈咏 032029150 1.53498 1 1 1 1 1 1 1 1 1 1 1 1 1 1 1 1 1 1 1 1 
沈刚 032052810 2.36592 1 1 1 1 1 1 1 1 1 1 1 1 1 1 1 1 1 1 1 1 
褚琬 032020164 2.30923 1 1 1 1 1 1 1 1 1 1 1 1 1 1 1 1 1 1 1 1 
冯琬 032032825 2.24618 1 1 1 1 1 1 1 1 1 1 1 1 1 1 1 1 1 1 1 1 
孙伟 032022640 2.24288 1 1 1 1 1 1 1 1 1 1 1 1 1 1 1 1 1 1 1 1 
褚卿 032023731 2.23094 1 1 1 1 1 1 1 1 1 1 1 1 1 1 1 1 1 1 1 1 
孙昭 032006111 2.22630 1 1 1 1 1 1 1 1 1 1 1 1 1 1 1 1 1 1 1 1 
郑卿 032060705 2.16318 1 1 1 1 1 1 1 1 1 1 1 1 1 1 1 1 1 1 1 1 
孙冰 032015861 2.15243 1 1 1 1 1 1 1 1 1 1 1 1 1 1 1 1 1 1 1 1 
周琰 032045308 2.09602 1 1 1 1 1 1 1 1 1 1 1 1 1 1 1 1 1 1 1 1 
王世 032046071 2.09602 1 1 1 1 1 1 1 1 1 1 1 1 1 1 1 1 1 1 1 1 
吴军 032026016 1.98470 1 1 1 1 1 1 1 1 1 1 1 1 1 1 1 1 1 1 1 1 
周融 032053337 1.95710 1 1 1 1 1 1 1 1 1 1 1 1 1 1 1 1 1 1 1 1 
周广 032054956 1.95262 1 1 1 1 1 1 1 1 1 1 1 1 1 1 1 1 1 1 1 1 
周茗 032039679 1.91897 1 1 1 1 1 1 1 1 1 1 1 1 1 1 1 1 1 1 1 1 
冯军 032039880 1.82472 1 1 1 1 1 1 1 1 1 1 1 1 1 1 1 1 1 1 1 1 
卫辉 032032535 1.82376 1 1 1 1 1 1 1 1 1 1 1 1 1 1 1 1 1 1 1 1 
吴明 032006750 1.71973 1 1 1 1 1 1 1 1 1 1 1 1 1 1 1 1 1 1 1 1 
郑毓 032011527 1.65688 1 1 1 1 1 1 1 1 1 1 1 1 1 1 1 1 1 1 1 1 
周军 032020372 1.63825 1 1 1 1 1 1 1 1 1 1 1 1 1 1 1 1 1 1 1 1 
李保 032027651 1.60975 1 1 1 1 1 1 1 1 1 1 1 1 1 1 1 1 1 1 1 1 
王刚 032074783 1.59927 1 1 1 1 1 1 1 1 1 1 1 1 1 1 1 1 1 1 1 1 
冯伟 032077089 3.88329 1 1 1 1 1 1 1 1 1 1 1 1 1 1 1 1 1 1 1 1 
孙艺 032073038 3.52612 1 1 1 1 1 1 1 1 1 1 1 1 1 1 1 1 1 1 1 1 
韩保 032077335 3.94765 1 1 1 1 1 1 1 1 1 1 1 1 1 1 1 1 1 1 1 1 
卫纯 032081826 3.26007 1 1 1 1 1 1 1 1 1 1 1 1 1 1 1 1 1 1 1 1 
钱卿 032082455 2.37595 1 1 1 1 1 1 1 1 1 1 1 1 1 1 1 1 1 1 1 1 
周平 032077457 3.53673 1 1 1 1 1 1 1 1 1 1 1 1 1 1 1 1 1 1 1 1 
孙琰 032078383 1.49952 1 1 1 1 1 1 1 1 1 1 1 1 1 1 1 1 1 1 1 1 
孙羽 032082890 1.22125 1 1 1 1 1 1 1 1 1 1 1 1 1 1 1 1 1 1 1 1 
卫羽 032080880 2.48193 1 1 1 1 1 1 1 1 1 1 1 1 1 1 1 1 1 1 1 1 
卫勇 032088758 2.49544 1 1 1 1 1 1 1 1 1 1 1 1 1 1 1 1 1 1 1 1 
蒋志 032087427 2.58910 1 1 1 1 1 1 1 1 1 1 1 1 1 1 1 1 1 1 1 1 
李园 032091359 3.10357 1 1 1 1 1 1 1 1 1 1 1 1 1 1 1 1 1 1 1 1 
蒋瑗 032084920 3.04404 1 1 1 1 1 1 1 1 1 1 1 1 1 1 1 1 1 1 1 1 
李澜 032085761 3.80408 1 1 1 1 1 1 1 1 1 1 1 1 1 1 1 1 1 1 1 1 
褚刚 032094783 3.65412 1 1 1 1 1 1 1 1 1 1 1 1 1 1 1 1 1 1 1 1 
陈毓 032085832 3.65695 1 1 1 1 1 1 1 1 1 1 1 1 1 1 1 1 1 1 1 1 
李澜 032095200 3.31061 1 1 1 1 1 1 1 1 1 1 1 1 1 1 1 1 1 1 1 1 
吴力 032095926 3.70502 1 1 1 1 1 1 1 1 1 1 1 1 1 1 1 1 1 1 1 1 
冯勇 032096378 2.96176 1 1 1 1 1 1 1 1 1 1 1 1 1 1 1 1 1 1 1 1 
韩澜 032098255 3.17624 1 1 1 1 1 1 1 1 1 1 1 1 1 1 1 1 1 1 1 1 

