李广 032036078 2.43341 1 1 1 1 1 1 1 1 1 1 1 1 1 1 1 1 1 1 1 1 
蒋刚 032028874 1.01276 1 0 0 1 0 0 1 1 0 0 0 0 0 0 0 0 0 0 0 0 
沈强 032061016 3.92004 1 1 1 1 1 1 1 1 1 1 1 1 1 1 1 1 1 1 1 1 
褚军 032054728 3.91026 1 1 1 1 1 1 1 1 1 1 1 1 1 1 1 1 1 1 1 1 
韩健 032060421 3.86209 1 1 1 1 1 1 1 1 1 1 1 1 1 1 1 1 1 1 1 1 
吴韵 032018643 3.84747 1 1 1 1 1 1 1 1 1 1 1 1 1 1 1 1 1 1 1 1 
周文 032037597 3.81918 1 1 1 1 1 1 1 1 1 1 1 1 1 1 1 1 1 1 1 1 
冯冰 032044542 3.75354 1 1 1 1 1 1 1 1 1 1 1 1 1 1 1 1 1 1 1 1 
赵东 032070032 1.01903 1 1 1 1 1 1 1 1 1 1 1 1 1 1 1 1 1 1 1 1 
沈健 032005814 3.69374 1 1 1 1 1 1 1 1 1 1 1 1 1 1 1 1 1 1 1 1 
钱志 032011066 1.04485 0 0 0 0 0 1 0 0 0 1 0 0 0 0 0 1 1 0 0 0 
褚融 032070963 3.51430 1 1 1 1 1 1 1 1 1 1 1 1 1 1 1 1 1 1 1 1 
褚东 032023622 3.50862 1 1 1 1 1 1 1 1 1 1 1 1 1 1 1 1 1 1 1 1 
吴峰 032063717 3.50105 1 1 1 1 1 1 1 1 1 1 1 1 1 1 1 1 1 1 1 1 
赵强 032032898 3.32764 1 1 1 1 1 1 1 1 1 1 1 1 1 1 1 1 1 1 1 1 
沈毅 032063293 3.30831 1 1 1 1 1 1 1 1 1 1 1 1 1 1 1 1 1 1 1 1 
卫卿 032030814 3.30734 1 1 1 1 1 1 1 1 1 1 1 1 1 1 1 1 1 1 1 1 
韩明 032056744 3.28185 1 1 1 1 1 1 1 1 1 1 1 1 1 1 1 1 1 1 1 1 
蒋志 032024296 3.26159 1 1 1 1 1 1 1 1 1 1 1 1 1 1 1 1 1 1 1 1 
王辉 032040952 1.08807 0 0 0 0 0 0 0 0 1 0 1 0 0 0 0 0 1 0 0 1 
褚琰 032046217 1.10910 1 1 1 1 1 1 1 1 1 1 1 1 1 1 1 1 1 1 1 1 
周茗 032043086 3.24004 1 1 1 1 1 1 1 1 1 1 1 1 1 1 1 1 1 1 1 1 
周健 032010485 3.22982 1 1 1 1 1 1 1 1 1 1 1 1 1 1 1 1 1 1 1 1 
赵韵 032046054 3.21688 0 0 0 0 0 0 0 0 0 0 0 0 0 0 0 0 0 0 0 0 
褚澜 032003085 3.16561 1 1 1 1 1 1 1 1 1 1 1 1 1 1 1 1 1 1 1 1 
赵韵 032057334 3.12796 1 1 1 1 1 1 1 1 1 1 1 1 1 1 1 1 1 1 1 1 
孙毓 032021458 3.12085 1 1 1 1 1 1 1 1 1 1 1 1 1 1 1 1 1 1 1 1 
孙瑗 032030191 3.08704 1 1 1 1 1 1 1 1 1 1 1 1 1 1 1 1 1 1 1 1 
孙悦 032021920 1.16584 1 1 1 1 1 1 1 1 1 1 1 1 1 1 1 1 1 1 1 1 
郑刚 032027337 1.19607 1 1 1 1 1 1 1 1 1 1 1 1 1 1 1 1 1 1 1 1 
孙琰 032034204 2.99651 1 1 1 1 1 1 1 1 1 1 1 1 1 1 1 1 1 1 1 1 
吴爽 032051414 2.98598 1 1 1 1 1 1 1 1 1 1 1 1 1 1 1 1 1 1 1 1 
卫冰 032000019 2.95787 1 1 1 1 1 1 1 1 1 1 1 1 1 1 1 1 1 1 1 1 
周茗 032027828 2.92894 1 1 1 1 1 1 1 1 1 1 1 1 1 1 1 1 1 1 1 1 
冯刚 032022576 2.88058 1 1 1 1 1 1 1 1 1 1 1 1 1 1 1 1 1 1 1 1 
孙茗 032066505 1.23975 0 0 0 0 0 1 0 0 0 0 0 0 1 0 0 1 0 1 0 0 
李茗 032050417 2.84238 1 1 1 1 1 1 1 1 1 1 1 1 1 1 1 1 1 1 1 1 
韩军 032016374 1.24106 1 1 1 1 1 1 1 1 1 1 1 1 1 1 1 1 1 1 1 1 
韩咏 032025204 2.64092 1 1 1 1 1 1 1 1 1 1 1 1 1 1 1 1 1 1 1 1 
孙澜 032034830 2.63207 1 1 1 1 1 1 1 1 1 1 1 1 1 1 1 1 1 1 1 1 
吴澜 032053845 2.60880 1 1 1 1 1 1 1 1 1 1 1 1 1 1 1 1 1 1 1 1 
吴军 032053871 2.55997 1 1 1 1 1 1 1 1 1 1 1 1 1 1 1 1 1 1 1 1 
赵澜 032011429 2.55752 1 1 1 1 1 1 1 1 1 1 1 1 1 1 1 1 1 1 1 1 
陈俊 032006481 2.55544 1 1 1 1 1 1 1 1 1 1 1 1 1 1 1 1 1 1 1 1 
赵琰 032033792 2.46896 1 1 1 1 1 1 1 1 1 1 1 1 1 1 1 1 1 1 1 1 
吴强 032071184 1.00497 0 0 0 0 0 0 0 0 1 0 0 0 0 1 0 0 0 1 0 1 
沈力 032039492 2.36725 1 1 1 1 1 1 1 1 1 1 1 1 1 1 1 1 1 1 1 1 
冯勇 032008208 1.37155 1 1 1 1 1 1 1 1 1 1 1 1 1 1 1 1 1 1 1 1 
孙辉 032060873 2.30992 1 1 1 1 1 1 1 1 1 1 1 1 1 1 1 1 1 1 1 1 
王明 032039199 1.37780 1 1 1 1 1 1 1 1 1 1 1 1 1 1 1 1 1 1 1 1 
韩毓 032069981 2.27301 1 1 1 1 1 1 1 1 1 1 1 1 1 1 1 1 1 1 1 1 
钱平 032023937 1.45093 1 1 1 1 1 1 1 1 1 1 1 1 1 1 1 1 1 1 1 1 
王力 032025219 2.11440 1 1 1 1 1 1 1 1 1 1 1 1 1 1 1 1 1 1 1 1 
王昭 032046052 1.48025 1 1 1 1 1 1 1 1 1 1 1 1 1 1 1 1 1 1 1 1 
王羽 032000791 1.48082 1 1 1 1 1 1 1 1 1 1 1 1 1 1 1 1 1 1 1 1 
韩平 032062005 1.93051 1 1 1 1 1 1 1 1 1 1 1 1 1 1 1 1 1 1 1 1 
周东 032037208 1.89107 1 1 1 1 1 1 1 1 1 1 1 1 1 1 1 1 1 1 1 1 
陈辉 032065413 1.84087 1 1 1 1 1 1 1 1 1 1 1 1 1 1 1 1 1 1 1 1 
吴卿 032049095 1.77704 1 1 1 1 1 1 1 1 1 1 1 1 1 1 1 1 1 1 1 1 
吴冰 032049373 1.76487 1 1 1 1 1 1 1 1 1 1 1 1 1 1 1 1 1 1 1 1 
孙琬 032028651 1.49778 1 1 1 1 1 1 1 1 1 1 1 1 1 1 1 1 1 1 1 1 
蒋毓 032026444 1.70107 1 1 1 1 1 1 1 1 1 1 1 1 1 1 1 1 1 1 1 1 
赵世 032064532 1.52792 1 1 1 1 1 1 1 1 1 1 1 1 1 1 1 1 1 1 1 1 
蒋志 032061344 1.64748 1 1 1 1 1 1 1 1 1 1 1 1 1 1 1 1 1 1 1 1 
沈毅 032063792 1.56483 1 1 1 1 1 1 1 1 1 1 1 1 1 1 1 1 1 1 1 1 
王爽 032078921 2.73333 1 1 1 1 1 1 1 1 1 1 1 1 1 1 1 1 1 1 1 1 
卫伟 032076270 1.06625 0 0 1 0 0 0 0 1 0 0 0 0 1 0 0 0 0 0 0 1 
钱融 032072865 3.25513 1 1 1 1 1 1 1 1 1 1 1 1 1 1 1 1 1 1 1 1 
李昭 032076372 3.24775 1 1 1 1 1 1 1 1 1 1 1 1 1 1 1 1 1 1 1 1 
赵咏 032078640 1.16108 1 0 0 0 0 0 1 0 0 0 0 0 0 0 1 1 0 0 0 0 
冯爽 032081148 3.96065 1 1 1 1 1 1 1 1 1 1 1 1 1 1 1 1 1 1 1 1 
陈明 032074918 2.35555 1 1 1 1 1 1 1 1 1 1 1 1 1 1 1 1 1 1 1 1 
韩勇 032087282 2.11573 1 1 1 1 1 1 1 1 1 1 1 1 1 1 1 1 1 1 1 1 
褚茗 032094284 2.29572 1 1 1 1 1 1 1 1 1 1 1 1 1 1 1 1 1 1 1 1 
钱俊 032096921 1.47927 1 1 1 1 1 1 1 1 1 1 1 1 1 1 1 1 1 1 1 1 
蒋悦 032088942 1.36752 1 1 1 1 1 1 1 1 1 1 1 1 1 1 1 1 1 1 1 1 
周琰 032090522 1.31139 1 1 1 1 1 1 1 1 1 1 1 1 1 1 1 1 1 1 1 1 
王园 032095405 1.99352 1 1 1 1 1 1 1 1 1 1 1 1 1 1 1 1 1 1 1 1 
郑融 032096004 2.86314 1 1 1 1 1 1 1 1 1 1 1 1 1 1 1 1 1 1 1 1 
陈纯 032097071 3.04500 1 1 1 1 1 1 1 1 1 1 1 1 1 1 1 1 1 1 1 1 
冯韵 032086864 3.06224 1 1 1 1 1 1 1 1 1 1 1 1 1 1 1 1 1 1 1 1 
冯冰 032097752 1.98717 1 1 1 1 1 1 1 1 1 1 1 1 1 1 1 1 1 1 1 1 
冯刚 032091501 3.93154 1 1 1 1 1 1 1 1 1 1 1 1 1 1 1 1 1 1 1 1 
钱冰 032087598 1.51414 1 1 1 1 1 1 1 1 1 1 1 1 1 1 1 1 1 1 1 1 
褚永 032085922 1.66500 1 1 1 1 1 1 1 1 1 1 1 1 1 1 1 1 1 1 1 1 
李纯 032083315 1.05383 0 0 0 0 1 1 0 0 0 0 0 0 0 0 0 0 1 1 0 0 
冯军 032084029 3.53193 1 1 1 1 1 1 1 1 1 1 1 1 1 1 1 1 1 1 1 1 
郑力 032085698 3.70990 1 1 1 1 1 1 1 1 1 1 1 1 1 1 1 1 1 1 1 1 
陈冰 032098064 1.75047 1 1 1 1 1 1 1 1 1 1 1 1 1 1 1 1 1 1 1 1 
蒋爽 032098439 1.62869 1 1 1 1 1 1 1 1 1 1 1 1 1 1 1 1 1 1 1 1 

