姓名      学号          绩点    职位  信任值
褚毅  032037052  3.98620   0   4.77203  1  1  1  1  1  1  1  1  1  1  1  1  1  1  1  1  1  1  1  1  
钱华  032035013  3.92764   0   4.48668  1  1  0  1  1  1  1  1  1  1  1  1  1  1  1  1  1  1  1  1  
周军  032066857  3.92304   0   4.69700  1  1  1  1  1  1  1  1  1  1  1  1  1  1  1  1  1  1  1  1  
李健  032095711  3.88948   0   4.48685  1  1  1  1  1  1  1  1  1  1  1  1  1  1  1  1  1  1  1  1  
沈英  032057959  3.85729   0   4.71045  1  1  1  1  1  1  1  1  1  1  0  1  1  1  1  1  1  1  1  1  
孙刚  032001105  3.81961   0   4.27665  1  1  1  1  1  1  1  1  1  1  1  1  1  1  1  1  1  1  1  1  
钱萍  032006634  3.80781   0   4.28010  1  1  1  1  1  1  1  1  1  1  1  1  1  1  1  1  1  1  1  1  
吴强  032014118  3.79853   0   4.53049  1  1  1  1  1  1  1  1  1  1  1  1  1  1  0  1  1  1  1  1  
赵红  032037844  3.76076   0   4.23540  1  1  1  1  1  1  1  1  1  1  1  1  1  1  1  1  1  1  1  1  
卫翠  032098943  3.70365   0   4.59748  1  1  1  1  1  1  1  1  1  1  1  1  1  0  1  1  1  1  1  1  
赵慧  032004885  3.69856   1   4.92025  1  1  1  1  1  1  1  1  1  1  1  1  1  1  1  1  1  1  1  1  
钱芝  032049242  3.69297   1   4.82118  1  1  1  1  1  1  1  1  1  1  1  1  1  1  1  1  1  1  1  1  
冯辉  032084386  3.68957   0   4.23027  1  1  1  1  1  1  1  1  1  1  1  1  1  1  1  1  1  1  1  1  
陈伟  032044971  3.64235   0   4.89952  1  1  1  1  1  1  1  1  1  1  1  1  1  1  1  1  1  1  1  1  
卫军  032015513  3.63718   0   4.65151  1  1  1  1  1  1  1  1  1  1  1  1  1  1  1  1  1  1  1  1  
孙义  032000224  3.57630   0   4.93594  1  1  1  1  1  1  1  1  1  1  1  1  1  1  1  1  1  1  1  0  
吴刚  032012817  3.46353   0   4.85877  1  1  1  1  1  1  1  1  1  1  1  1  1  1  1  1  1  1  1  1  
沈明  032069506  3.45858   0   4.95243  1  1  1  1  1  1  1  1  1  1  1  1  1  1  1  1  0  1  1  1  
王保  032070734  3.43914   0   4.12295  1  1  1  1  1  1  1  1  1  1  1  1  1  1  1  1  1  1  1  1  
褚英  032088637  3.43569   0   4.70247  1  1  1  1  1  1  1  1  1  1  1  1  1  1  1  1  1  1  1  1  
卫辉  032087817  3.41474   1   4.10774  1  1  1  1  1  1  1  1  1  1  1  1  0  1  1  1  1  1  1  1  
吴军  032002959  3.39710   0   4.09987  1  1  1  1  1  1  1  1  1  1  1  1  1  1  1  1  1  1  1  1  
周萍  032083393  3.38283   0   4.34458  0  1  1  1  1  1  0  1  1  1  1  1  1  1  1  1  1  1  1  0  
赵娜  032004861  3.31609   0   4.75762  1  1  1  1  1  1  1  1  1  1  1  1  1  1  1  1  1  1  1  1  
韩力  032001654  3.30808   0   4.33076  1  1  1  1  1  1  1  1  1  1  1  1  1  1  1  1  1  1  1  1  
赵惠  032054668  3.27286   0   4.57318  1  1  1  1  1  1  1  1  1  1  1  1  1  1  1  1  1  1  1  1  
王雅  032060446  3.15676   0   4.20248  1  1  1  1  1  1  1  1  1  1  1  1  1  1  1  1  1  1  1  1  
钱慧  032003861  3.13135   0   4.97435  1  1  1  1  1  1  1  1  1  1  1  1  1  1  1  1  1  1  1  1  
冯娜  032036320  3.10741   0   4.49184  1  1  1  1  1  1  1  1  1  1  1  1  1  1  1  1  1  1  1  1  
郑刚  032067581  3.09099   0   4.80491  1  1  1  1  1  1  1  1  1  1  1  1  1  1  1  1  1  1  1  1  
王健  032063179  3.06273   0   3.15958  1  1  1  1  1  1  1  1  1  1  1  1  1  1  1  1  1  1  1  1  
卫伟  032083055  3.04360   0   3.14925  1  1  1  1  1  1  1  1  1  1  1  1  1  1  1  1  1  1  1  1  
韩秀  032044285  3.02408   0   3.38061  1  1  1  1  1  1  1  1  1  1  1  1  1  1  1  1  1  1  1  1  
王勇  032046337  2.95454   0   3.42413  1  1  1  1  1  1  1  1  1  1  1  1  1  1  1  1  1  1  1  1  
吴红  032054984  2.95388   0   3.65129  1  1  1  1  1  1  1  1  1  1  1  1  1  1  1  1  1  1  1  1  
周玉  032020724  2.93949   1   3.06014  1  1  1  1  1  1  1  1  1  0  1  1  1  1  1  1  1  1  1  1  
赵义  032070587  2.80040   0   3.89766  1  1  1  1  1  1  1  1  1  1  1  1  1  1  1  1  1  1  1  1  
赵峰  032032892  2.79243   0   3.90122  1  1  1  1  1  1  1  1  1  1  1  1  1  1  1  1  1  1  1  1  
郑俊  032054221  2.76059   0   3.17080  1  1  1  1  1  1  1  1  1  1  1  1  1  1  1  1  1  1  0  1  
卫毅  032051296  2.75702   0   3.03140  1  1  1  1  1  1  1  1  1  1  1  1  1  1  1  1  1  1  1  1  
韩广  032004791  2.73959   1   3.52221  1  1  1  1  1  1  1  1  1  1  1  1  1  1  1  1  0  1  1  1  
孙健  032028336  2.72704   0   3.27720  1  1  1  1  1  1  0  1  1  1  1  1  1  1  1  1  1  1  1  1  
周东  032044003  2.71955   0   3.58686  1  1  1  1  1  1  1  1  1  1  1  1  1  1  1  1  1  1  1  1  
褚慧  032036731  2.59147   0   3.81190  1  1  1  1  1  1  1  1  1  1  1  1  1  1  1  1  1  1  0  1  
孙健  032072915  2.56664   0   3.93987  1  1  1  1  1  1  1  1  1  1  1  1  1  1  1  1  1  1  1  1  
钱平  032066362  2.49897   0   3.57986  1  1  1  1  1  1  1  1  1  1  1  1  1  1  1  1  1  1  1  1  
郑世  032070772  2.47552   0   3.88078  1  1  1  1  1  1  1  1  1  1  1  1  1  1  1  1  0  1  1  1  
沈芝  032022270  2.46055   0   3.18955  1  1  1  1  1  1  1  1  1  1  1  1  1  1  1  1  1  1  1  1  
陈秀  032058274  2.46004   0   3.71892  1  1  1  1  1  1  1  1  1  1  1  1  1  1  1  1  1  1  1  1  
王美  032052029  2.45941   0   3.07287  1  1  1  1  1  1  1  1  1  1  1  1  1  1  1  1  1  1  1  1  
蒋辉  032001665  2.45162   0   3.87906  1  1  1  1  1  1  1  1  1  1  1  1  1  1  1  1  1  1  1  1  
郑平  032050981  2.43934   0   3.08985  1  1  1  1  1  1  1  1  1  1  1  1  1  1  1  1  1  1  1  1  
孙健  032051591  2.43292   0   3.41680  1  1  1  1  1  1  1  1  1  1  1  1  1  1  1  1  1  1  1  1  
赵伟  032011902  2.27240   0   3.67469  1  1  1  1  1  1  1  1  1  1  1  1  1  1  1  1  1  1  1  1  
王静  032006587  2.25039   0   3.81305  1  1  1  1  1  1  1  1  1  1  1  1  1  1  1  1  1  1  1  1  
钱萍  032010375  2.22453   0   3.76936  1  1  1  1  1  1  1  1  1  1  1  1  1  1  1  1  1  1  1  1  
李芝  032037727  2.20822   0   3.89652  1  1  1  1  1  1  1  1  1  1  1  1  1  1  1  1  1  1  1  1  
王巧  032015534  2.14182   0   3.48647  1  1  1  1  1  1  1  1  1  1  1  1  1  1  1  1  1  1  1  1  
沈保  032067573  2.13245   0   3.37748  1  1  1  1  1  1  1  1  1  1  1  1  1  1  1  1  1  1  1  1  
周华  032057524  2.12275   0   3.68758  1  1  1  1  1  1  1  1  1  1  1  1  1  1  1  1  1  1  1  1  
吴军  032064320  2.10461   0   3.07682  1  1  1  1  1  1  1  1  1  1  1  1  1  1  1  1  1  1  1  1  
陈平  032024108  2.08720   0   3.47764  1  1  1  1  1  1  1  1  1  1  1  1  1  1  1  1  1  1  1  1  
周兴  032092767  2.07302   0   3.23802  1  1  1  1  1  1  1  1  1  1  1  1  1  1  1  1  1  1  1  1  
钱芝  032018217  2.03373   0   3.97588  1  1  1  1  1  1  1  1  1  1  1  1  1  1  1  1  1  1  1  1  
沈慧  032026905  1.99228   0   3.68120  1  1  1  1  1  1  1  1  1  1  1  1  1  1  1  1  1  1  1  1  
周军  032071471  1.84031   0   2.36240  1  1  1  1  1  1  1  1  1  1  1  1  0  1  1  1  1  1  1  1  
陈芝  032077819  1.83159   0   2.79428  1  1  1  1  1  1  1  1  1  1  1  1  0  1  1  1  1  1  1  1  
孙毅  032033232  1.82994   0   2.07351  0  1  1  1  1  1  1  1  1  1  1  1  1  1  1  1  1  1  1  1  
吴平  032092329  1.71406   0   2.48387  1  1  1  1  1  1  1  1  1  1  1  1  1  1  1  1  1  1  1  1  
褚兴  032004822  1.70621   0   2.49966  1  1  1  1  1  1  1  1  1  1  1  1  1  1  1  1  1  1  1  1  
王伟  032094286  1.69081   0   2.93284  1  1  1  1  1  1  1  1  1  1  1  1  1  1  1  1  1  1  1  1  
冯毅  032093460  1.60745   0   2.14620  1  0  1  1  1  1  1  1  1  1  1  1  1  1  0  1  1  1  1  1  
卫世  032093966  1.59424   0   2.08032  1  1  1  1  1  1  1  1  0  1  1  1  1  1  1  1  1  1  1  1  
周峰  032092625  1.58892   0   2.40818  1  1  1  1  1  1  1  1  1  1  1  1  1  1  1  1  1  1  0  1  
冯伟  032054867  1.56865   0   2.96316  1  1  1  1  1  1  1  1  1  1  1  1  1  1  1  1  1  1  1  1  
沈巧  032049716  1.51239   0   1.19808  1  1  1  1  1  1  1  1  1  1  1  1  1  1  1  1  1  1  1  1  
周雅  032025547  1.47874   0   1.19631  1  1  1  0  1  1  1  1  1  1  1  1  1  1  1  1  1  1  1  1  
周英  032019304  1.44775   0   1.57568  1  1  1  1  1  1  1  1  1  1  1  1  1  1  1  1  1  1  1  1  
周兴  032019001  1.44636   0   1.58567  1  1  1  1  1  1  1  1  1  1  1  1  1  1  1  1  1  1  1  1  
卫翠  032054650  1.43859   0   1.36820  1  1  1  1  1  1  1  1  1  0  1  1  1  1  1  1  1  1  1  1  
赵伟  032035964  1.36885   0   1.60013  1  1  1  1  1  1  1  1  1  1  1  1  1  1  1  1  1  1  1  1  
李英  032000200  1.32322   0   1.14879  1  1  1  1  1  1  1  1  1  1  1  1  1  1  1  1  1  1  1  1  
吴淑  032058343  1.29960   0   1.99540  1  1  1  0  1  1  1  1  1  1  0  1  1  1  1  1  1  1  1  1  
褚惠  032035283  1.26956   0   0.97773  0  0  0  0  0  1  0  1  0  0  0  0  0  0  1  0  1  0  0  0  
陈娟  032015774  1.24097   0   1.39766  0  0  0  0  0  0  0  0  0  1  0  0  0  0  1  1  0  0  0  1  
钱玉  032071341  1.23047   0   0.66651  1  0  0  1  0  1  0  0  0  0  1  0  0  0  0  0  0  0  0  0  
郑保  032064641  1.22053   0   1.47978  1  1  1  1  1  1  1  1  1  1  1  1  1  1  1  1  1  1  1  1  
王广  032053898  1.21861   0   0.93641  0  0  0  1  0  0  0  0  0  0  0  0  0  1  0  0  1  0  0  1  
陈平  032038066  1.18043   0   0.77491  1  1  0  0  0  0  0  0  0  1  0  0  1  0  0  0  0  0  0  0  
蒋勇  032025373  1.09421   0   1.35767  1  1  1  1  1  1  1  1  1  1  1  1  1  1  1  1  1  1  1  1  

