姓名      学号          绩点    职位  信任值
郑军  032029152  3.93171   1   4.10518  1  1  1  1  1  1  1  1  1  1  1  1  1  1  1  1  1  1  1  1  
吴健  032048678  3.90073   0   4.36856  1  1  0  1  1  1  1  1  1  1  1  1  1  1  1  1  1  1  1  1  
王辉  032046680  3.83813   0   4.32723  1  1  1  1  1  1  1  1  1  1  1  1  1  1  1  1  1  1  1  1  
周义  032007342  3.83575   0   4.57678  1  1  1  1  1  1  1  1  1  1  1  1  1  1  1  1  1  1  1  1  
蒋力  032014714  3.80572   0   4.75825  1  1  1  1  1  1  1  1  0  1  1  1  1  1  1  1  1  1  1  1  
孙东  032052830  3.79574   0   4.69979  1  1  1  1  1  1  1  1  1  1  1  1  1  1  1  1  1  1  1  1  
卫华  032041180  3.77651   0   4.93524  1  1  1  1  1  1  1  1  1  1  1  1  1  1  1  1  1  1  1  1  
吴雅  032004467  3.60254   0   4.36208  1  1  1  1  1  1  1  1  1  1  1  0  1  1  1  1  1  1  0  1  
王东  032063377  3.59093   0   4.45507  1  1  1  1  1  1  1  1  1  1  1  1  1  1  1  1  1  1  1  1  
郑军  032031792  3.57063   0   4.24044  1  1  1  1  1  1  1  1  1  1  0  1  1  1  1  1  1  1  1  1  
蒋玉  032068579  3.50302   1   4.42158  1  1  1  1  1  1  1  1  1  1  1  1  1  1  1  1  1  1  1  1  
冯兴  032057744  3.49377   0   4.28977  1  1  1  1  1  1  1  1  1  1  1  1  1  1  1  1  1  1  1  1  
赵俊  032065872  3.44622   0   4.21639  1  1  1  1  1  1  1  1  1  1  1  1  1  1  1  1  1  1  1  1  
褚力  032059640  3.38606   0   4.52744  1  1  1  1  1  1  1  1  1  1  1  1  1  1  1  1  1  1  1  1  
周刚  032093044  3.30120   0   4.86364  1  1  1  1  1  1  1  1  1  1  1  1  1  1  1  1  1  1  1  1  
孙慧  032016652  3.28703   0   4.71156  1  1  1  1  1  1  1  1  1  1  1  1  1  1  1  1  0  1  1  1  
郑毅  032038616  3.27474   0   4.38282  1  1  1  1  1  1  1  1  1  1  1  1  1  1  1  1  1  1  1  1  
李伟  032066341  3.13469   0   4.45976  1  1  1  1  1  1  1  1  1  1  1  1  1  0  1  1  1  1  1  1  
沈英  032080664  3.11938   0   4.79535  1  1  1  1  1  1  1  1  1  1  1  1  1  1  1  1  1  1  1  1  
李玉  032032327  3.09937   0   4.00323  1  1  1  1  1  1  1  1  1  1  1  1  1  1  1  1  1  1  1  1  
钱娜  032015917  3.09538   1   4.66469  1  1  1  1  1  1  1  1  1  0  1  1  1  1  1  1  1  1  0  1  
蒋华  032013416  3.02357   0   4.18682  1  1  1  1  1  1  1  1  1  1  1  1  1  1  1  1  1  1  1  1  
吴文  032005875  3.00390   0   4.13404  0  1  1  1  0  1  1  1  1  1  1  1  1  1  1  1  0  1  1  1  
沈芝  032012966  3.00115   0   4.94604  1  1  1  1  1  1  1  1  1  1  1  1  1  1  1  1  1  1  1  1  
周雅  032002003  2.99407   0   4.60600  1  1  1  1  1  1  1  1  1  1  1  1  1  1  1  1  1  1  1  1  
孙力  032055131  2.91857   0   4.34749  1  1  1  1  1  1  1  1  1  1  1  1  1  1  1  1  1  1  1  1  
孙惠  032078171  2.89529   0   4.50966  1  1  1  1  1  1  1  1  1  1  1  1  1  1  1  1  1  1  1  1  
钱文  032027679  2.83333   0   4.83434  1  1  1  1  1  1  1  1  1  1  1  1  1  1  1  1  1  1  1  1  
卫翠  032069053  2.81800   0   4.32943  1  1  1  1  1  1  1  1  1  1  1  1  1  1  1  1  1  1  1  1  
李红  032003756  2.80491   0   4.63176  1  1  1  1  1  1  1  1  1  1  1  1  1  1  1  1  1  1  1  1  
周义  032086375  2.77476   0   3.04142  1  1  1  1  1  1  1  1  1  1  1  1  1  1  1  1  1  1  1  1  
李健  032033934  2.75805   0   3.76707  1  1  1  1  1  1  1  1  1  1  1  1  1  1  1  1  1  1  1  1  
卫静  032022708  2.73033   0   3.51930  1  1  1  1  1  1  1  1  0  1  1  1  1  1  1  1  1  1  1  1  
吴勇  032026254  2.72308   0   3.22052  1  1  1  1  1  1  1  1  1  1  1  1  1  1  1  1  1  1  1  1  
孙巧  032042859  2.71842   0   3.08899  1  1  1  1  1  1  1  1  1  1  1  1  1  1  1  1  1  1  1  1  
卫力  032090019  2.71475   1   3.70646  1  1  1  1  1  1  1  0  1  1  1  1  1  1  1  1  1  1  1  1  
王志  032029595  2.65549   0   3.26178  1  1  1  1  1  1  1  1  1  1  1  1  1  1  1  1  1  1  1  1  
蒋军  032043205  2.64621   0   3.37837  1  1  1  1  1  1  1  1  1  1  1  1  1  1  1  1  1  1  1  1  
李翠  032047919  2.60958   1   3.23261  1  1  1  1  1  1  1  1  1  1  1  1  1  1  1  0  1  1  1  1  
卫华  032083362  2.59428   0   3.46950  1  1  1  1  1  1  1  1  1  1  1  1  1  1  1  1  1  1  1  1  
钱英  032048855  2.58232   0   3.97724  1  1  1  1  1  1  1  1  1  1  1  1  1  0  1  1  1  1  1  1  
吴雅  032075244  2.56619   0   3.03424  1  1  1  1  0  1  1  1  1  1  1  1  1  1  1  1  1  1  1  1  
卫娜  032057118  2.55801   0   3.03164  1  1  1  1  1  1  1  1  1  1  1  1  1  1  1  1  1  1  1  1  
王文  032055347  2.55791   0   3.59159  1  1  1  1  1  1  1  1  1  1  1  1  1  1  1  0  1  1  1  1  
沈芝  032034603  2.52897   0   3.32958  1  1  1  1  1  1  1  1  1  1  1  1  1  1  1  1  1  1  1  1  
钱芝  032077278  2.50682   0   3.53653  1  1  1  1  1  1  1  1  1  1  1  1  1  1  1  1  1  1  1  1  
孙巧  032053732  2.40850   0   3.40358  1  1  1  1  1  1  1  1  1  1  1  1  1  0  1  1  1  1  1  1  
韩珠  032079598  2.37929   0   3.96691  1  1  1  1  1  1  1  1  1  1  1  1  1  1  1  1  1  1  1  1  
郑毅  032048225  2.36522   0   3.86751  1  1  1  1  1  1  1  1  1  1  1  1  1  1  1  1  1  1  1  1  
冯珠  032070525  2.32394   0   3.14839  1  1  1  1  1  1  1  1  1  1  1  1  1  1  1  1  1  1  1  1  
韩刚  032046506  2.29134   0   3.63952  1  1  1  1  1  1  1  1  1  1  1  1  1  1  1  1  1  1  1  1  
韩刚  032078440  2.26474   0   3.93191  1  1  1  1  1  1  1  1  1  1  1  1  1  1  1  1  1  1  1  1  
吴永  032049714  2.21074   0   3.81541  1  1  1  1  1  1  1  1  1  1  1  1  1  1  1  1  1  1  1  1  
褚雅  032002242  2.14846   0   3.57281  1  1  1  1  1  1  1  1  1  1  1  1  1  1  1  1  1  1  1  1  
陈俊  032089436  2.13510   0   3.94525  1  1  1  1  1  1  1  1  1  1  1  1  1  1  1  1  1  1  1  1  
王强  032082749  2.10569   0   3.15541  1  1  1  1  1  1  1  1  1  1  1  1  1  1  1  1  1  1  1  1  
郑静  032067315  2.08625   0   3.34361  1  1  1  1  1  1  1  1  1  1  1  1  1  1  1  1  1  1  1  1  
赵保  032040034  2.04248   0   3.09654  1  1  1  1  1  1  1  1  1  1  1  1  1  1  1  1  1  1  1  1  
赵广  032050136  2.03762   0   3.02241  1  1  1  1  1  1  1  1  1  1  1  1  1  1  1  1  1  1  1  1  
蒋永  032043863  2.03084   0   3.85688  1  1  1  1  1  1  1  1  1  1  1  1  1  1  1  1  1  1  1  1  
卫义  032011052  1.98874   0   3.67452  1  1  1  1  1  1  1  1  1  1  1  1  1  1  1  1  1  1  1  1  
孙平  032007721  1.98830   0   3.69846  1  1  1  1  1  1  1  1  1  1  1  1  1  1  1  1  1  1  1  1  
钱勇  032075811  1.98168   0   3.19198  1  1  1  1  1  1  1  1  1  1  1  1  1  1  1  1  1  1  1  1  
卫志  032028170  1.86930   0   3.34587  1  1  1  1  1  1  1  1  1  1  1  1  1  1  1  1  1  1  1  1  
郑红  032092421  1.78534   0   3.14071  1  1  1  1  1  1  1  1  1  1  1  1  1  1  1  1  1  1  1  1  
吴珠  032028925  1.72132   0   2.22166  1  1  1  1  1  1  1  1  1  0  1  1  1  1  1  1  1  1  1  1  
孙勇  032097168  1.69782   0   2.58602  1  1  1  1  1  1  1  1  1  0  1  1  1  1  1  1  1  1  1  1  
冯美  032041089  1.66497   0   2.02634  0  1  1  1  1  1  1  1  1  1  1  1  1  1  1  1  1  1  1  1  
赵华  032019020  1.66155   0   2.76234  1  1  1  1  1  1  1  1  1  1  1  1  1  1  1  1  1  1  1  1  
赵东  032042862  1.64916   0   2.07732  1  1  1  1  1  1  1  1  1  1  1  1  1  1  1  1  1  1  1  1  
冯珠  032023295  1.57595   0   2.92550  1  1  1  1  1  1  1  1  1  1  1  1  1  1  1  1  1  1  1  1  
卫淑  032083435  1.56047   0   2.43045  1  0  1  1  1  1  1  1  1  1  1  0  1  1  1  1  1  1  1  1  
蒋娜  032039666  1.48426   0   2.83126  1  1  1  1  1  1  0  1  1  1  1  1  1  1  1  1  1  1  1  1  
沈广  032016549  1.46624   0   2.60164  1  1  1  1  1  1  1  1  1  1  1  1  1  1  1  0  1  1  1  1  
冯兴  032038987  1.44517   0   2.51934  1  1  1  1  1  1  1  1  1  1  1  1  1  1  1  1  1  1  1  1  
赵惠  032030556  1.42213   0   1.16142  1  1  1  1  1  1  1  1  1  1  1  1  1  1  1  1  1  1  1  1  
钱华  032082176  1.40212   0   1.57436  1  1  1  0  1  1  1  1  1  1  1  1  1  1  1  1  1  1  1  1  
孙静  032007249  1.32154   0   1.53143  1  1  1  1  1  1  1  1  1  1  1  1  1  1  1  1  1  1  1  1  
陈华  032048610  1.31555   0   1.66705  1  1  1  0  1  1  1  1  1  1  1  1  1  1  1  1  1  1  1  1  
李芝  032020297  1.28961   0   1.54874  1  1  1  1  1  1  1  0  1  1  1  1  1  1  1  1  1  1  1  1  
周力  032049840  1.26698   0   1.66797  1  1  1  1  1  1  1  1  1  1  1  1  1  1  1  1  1  1  1  1  
冯文  032063626  1.23197   0   1.57158  1  1  1  1  1  1  1  1  1  1  1  1  1  1  1  1  1  1  1  1  
吴文  032055479  1.12426   0   0.86534  0  0  0  0  0  1  0  0  1  0  0  1  1  0  0  0  0  0  0  0  
冯辉  032009811  1.10518   0   1.50227  1  1  1  1  1  1  1  1  1  1  1  1  1  1  1  1  1  1  1  1  
钱峰  032078199  1.10273   0   1.48255  0  0  0  0  1  0  1  0  0  0  0  1  0  0  1  0  0  0  0  0  
韩永  032095063  1.09497   0   1.25641  0  0  0  0  0  1  1  0  0  0  0  0  0  1  0  0  0  0  1  0  
陈平  032042216  1.09492   0   0.57269  0  0  0  0  0  0  0  0  0  1  0  0  1  0  0  0  1  0  1  0  
陈义  032046411  1.07902   0   1.25336  0  0  0  0  0  0  0  1  0  0  0  0  0  1  1  0  0  0  1  0  
陈慧  032075733  1.06722   0   1.55183  1  1  1  1  1  1  1  1  1  1  1  1  1  1  1  1  1  1  1  1  
韩静  032063208  1.00969   0   1.38471  0  0  0  1  1  0  0  0  0  0  0  1  0  0  0  0  0  0  1  0  

