孙悦 032021920 3.96809 1 1 1 1 1 1 1 1 1 1 1 1 1 1 1 1 1 1 1 1 
沈健 032005814 1.03395 1 1 1 1 1 1 1 1 1 1 1 1 1 1 1 1 1 1 1 1 
褚澜 032003085 1.23479 0 0 0 0 1 1 0 0 0 0 0 0 0 0 0 0 1 1 0 0 
冯勇 032008208 2.03145 1 1 1 1 1 1 1 1 1 1 1 1 1 1 1 1 1 1 1 1 
吴韵 032018643 2.11068 1 1 1 1 1 1 1 1 1 1 1 1 1 1 1 1 1 1 1 1 
王羽 032000791 2.33807 1 1 1 1 1 1 1 1 1 1 1 1 1 1 1 1 1 1 1 1 
钱志 032011066 2.35690 1 1 1 1 1 1 1 1 1 1 1 1 1 1 1 1 1 1 1 1 
周健 032010485 2.38130 1 1 1 1 1 1 1 1 1 1 1 1 1 1 1 1 1 1 1 1 
孙毓 032021458 2.38673 1 1 1 1 1 1 1 1 1 1 1 1 1 1 1 1 1 1 1 1 
冯刚 032022576 2.57496 1 1 1 1 1 1 1 1 1 1 1 1 1 1 1 1 1 1 1 1 
韩军 032016374 2.90029 1 1 1 1 1 1 1 1 1 1 1 1 1 1 1 1 1 1 1 1 
赵澜 032011429 3.02871 1 1 1 1 1 1 1 1 1 1 1 1 1 1 1 1 1 1 1 1 
卫冰 032000019 3.58068 1 1 1 1 1 1 1 1 1 1 1 1 1 1 1 1 1 1 1 1 
陈俊 032006481 3.14693 1 1 1 1 1 1 1 1 1 1 1 1 1 1 1 1 1 1 1 1 
赵韵 032046054 3.48612 1 1 1 1 1 1 1 1 1 1 1 1 1 1 1 1 1 1 1 1 
韩明 032056744 3.94971 1 1 1 1 1 1 1 1 1 1 1 1 1 1 1 1 1 1 1 1 
蒋志 032061344 1.05728 1 1 1 1 1 1 1 1 1 1 1 1 1 1 1 1 1 1 1 1 
赵韵 032057334 1.19558 1 1 1 1 1 1 1 1 1 1 1 1 1 1 1 1 1 1 1 1 
吴军 032053871 3.41995 1 1 1 1 1 1 1 1 1 1 1 1 1 1 1 1 1 1 1 1 
褚东 032023622 3.38431 1 1 1 1 1 1 1 1 1 1 1 1 1 1 1 1 1 1 1 1 
吴卿 032049095 3.35160 1 1 1 1 1 1 1 1 1 1 1 1 1 1 1 1 1 1 1 1 
沈强 032061016 3.25882 1 1 1 1 1 1 1 1 1 1 1 1 1 1 1 1 1 1 1 1 
蒋志 032024296 3.86324 1 1 1 1 1 1 1 1 1 1 1 1 1 1 1 1 1 1 1 1 
郑刚 032027337 3.18583 0 0 0 0 0 0 0 0 0 0 0 0 0 0 0 0 0 0 0 0 
吴澜 032053845 1.24521 0 0 0 0 0 1 0 0 0 0 0 0 1 0 0 1 0 1 0 0 
赵琰 032033792 3.50926 1 1 1 1 1 1 1 1 1 1 1 1 1 1 1 1 1 1 1 1 
孙澜 032034830 3.11961 1 1 1 1 1 1 1 1 1 1 1 1 1 1 1 1 1 1 1 1 
褚琰 032046217 3.10897 1 1 1 1 1 1 1 1 1 1 1 1 1 1 1 1 1 1 1 1 
孙瑗 032030191 3.10662 1 1 1 1 1 1 1 1 1 1 1 1 1 1 1 1 1 1 1 1 
卫卿 032030814 1.35231 0 0 0 0 0 0 0 0 1 0 1 0 0 0 0 0 1 0 0 1 
王辉 032040952 3.04169 1 1 1 1 1 1 1 1 1 1 1 1 1 1 1 1 1 1 1 1 
赵强 032032898 1.41758 0 0 0 0 0 1 0 0 0 1 0 0 0 0 0 1 1 0 0 0 
吴冰 032049373 1.45118 1 0 0 0 0 0 1 0 0 0 0 0 0 0 1 1 0 0 0 0 
韩咏 032025204 1.47319 1 1 1 1 1 1 1 1 1 1 1 1 1 1 1 1 1 1 1 1 
周茗 032043086 3.62970 1 1 1 1 1 1 1 1 1 1 1 1 1 1 1 1 1 1 1 1 
孙辉 032060873 2.89822 1 1 1 1 1 1 1 1 1 1 1 1 1 1 1 1 1 1 1 1 
钱平 032023937 1.63456 1 1 1 1 1 1 1 1 1 1 1 1 1 1 1 1 1 1 1 1 
冯冰 032044542 1.64575 1 1 1 1 1 1 1 1 1 1 1 1 1 1 1 1 1 1 1 1 
周文 032037597 2.81692 1 1 1 1 1 1 1 1 1 1 1 1 1 1 1 1 1 1 1 1 
韩健 032060421 1.80764 1 1 1 1 1 1 1 1 1 1 1 1 1 1 1 1 1 1 1 1 
蒋刚 032028874 1.86795 1 1 1 1 1 1 1 1 1 1 1 1 1 1 1 1 1 1 1 1 
蒋毓 032026444 1.94802 1 1 1 1 1 1 1 1 1 1 1 1 1 1 1 1 1 1 1 1 
王力 032025219 2.67051 1 1 1 1 1 1 1 1 1 1 1 1 1 1 1 1 1 1 1 1 
孙琬 032028651 2.58564 1 1 1 1 1 1 1 1 1 1 1 1 1 1 1 1 1 1 1 1 
王明 032039199 3.84264 1 1 1 1 1 1 1 1 1 1 1 1 1 1 1 1 1 1 1 1 
李茗 032050417 2.16647 1 1 1 1 1 1 1 1 1 1 1 1 1 1 1 1 1 1 1 1 
王昭 032046052 2.56842 1 1 1 1 1 1 1 1 1 1 1 1 1 1 1 1 1 1 1 1 
周东 032037208 2.54398 1 1 1 1 1 1 1 1 1 1 1 1 1 1 1 1 1 1 1 1 
孙琰 032034204 2.19443 1 1 1 1 1 1 1 1 1 1 1 1 1 1 1 1 1 1 1 1 
沈力 032039492 2.51787 1 1 1 1 1 1 1 1 1 1 1 1 1 1 1 1 1 1 1 1 
吴爽 032051414 2.29254 1 1 1 1 1 1 1 1 1 1 1 1 1 1 1 1 1 1 1 1 
褚军 032054728 3.72677 1 1 1 1 1 1 1 1 1 1 1 1 1 1 1 1 1 1 1 1 
韩平 032062005 3.74990 1 1 1 1 1 1 1 1 1 1 1 1 1 1 1 1 1 1 1 1 
周茗 032027828 3.79502 1 1 1 1 1 1 1 1 1 1 1 1 1 1 1 1 1 1 1 1 
李广 032036078 2.31918 1 1 1 1 1 1 1 1 1 1 1 1 1 1 1 1 1 1 1 1 
赵咏 032078640 1.76177 1 1 1 1 1 1 1 1 1 1 1 1 1 1 1 1 1 1 1 1 
钱融 032072865 3.47409 1 1 1 1 1 1 1 1 1 1 1 1 1 1 1 1 1 1 1 1 
陈辉 032065413 2.46683 1 1 1 1 1 1 1 1 1 1 1 1 1 1 1 1 1 1 1 1 
吴强 032071184 2.25317 1 1 1 1 1 1 1 1 1 1 1 1 1 1 1 1 1 1 1 1 
郑力 032085698 2.24209 1 1 1 1 1 1 1 1 1 1 1 1 1 1 1 1 1 1 1 1 
孙茗 032066505 2.54330 1 1 1 1 1 1 1 1 1 1 1 1 1 1 1 1 1 1 1 1 
周琰 032090522 3.67006 1 1 1 1 1 1 1 1 1 1 1 1 1 1 1 1 1 1 1 1 
李纯 032083315 2.16349 1 1 1 1 1 1 1 1 1 1 1 1 1 1 1 1 1 1 1 1 
冯刚 032091501 3.83426 1 1 1 1 1 1 1 1 1 1 1 1 1 1 1 1 1 1 1 1 
李昭 032076372 2.57837 1 1 1 1 1 1 1 1 1 1 1 1 1 1 1 1 1 1 1 1 
陈明 032074918 3.45918 1 1 1 1 1 1 1 1 1 1 1 1 1 1 1 1 1 1 1 1 
卫伟 032076270 3.45268 1 1 1 1 1 1 1 1 1 1 1 1 1 1 1 1 1 1 1 1 
赵东 032070032 3.18924 1 1 1 1 1 1 1 1 1 1 1 1 1 1 1 1 1 1 1 1 
褚融 032070963 1.85211 1 1 1 1 1 1 1 1 1 1 1 1 1 1 1 1 1 1 1 1 
韩毓 032069981 1.84647 1 1 1 1 1 1 1 1 1 1 1 1 1 1 1 1 1 1 1 1 
沈毅 032063293 2.79465 1 1 1 1 1 1 1 1 1 1 1 1 1 1 1 1 1 1 1 1 
赵世 032064532 1.77151 0 0 0 0 0 0 0 0 1 0 0 0 0 1 0 0 0 1 0 1 
王园 032095405 1.00264 0 0 1 0 0 0 0 1 0 0 0 0 1 0 0 0 0 0 0 1 
王爽 032078921 2.84905 1 1 1 1 1 1 1 1 1 1 1 1 1 1 1 1 1 1 1 1 
沈毅 032063792 1.64064 1 0 0 1 0 0 1 1 0 0 0 0 0 0 0 0 0 0 0 0 
蒋悦 032088942 2.88872 1 1 1 1 1 1 1 1 1 1 1 1 1 1 1 1 1 1 1 1 
冯爽 032081148 3.18200 1 1 1 1 1 1 1 1 1 1 1 1 1 1 1 1 1 1 1 1 
褚永 032085922 1.48506 1 1 1 1 1 1 1 1 1 1 1 1 1 1 1 1 1 1 1 1 
冯韵 032086864 2.90415 1 1 1 1 1 1 1 1 1 1 1 1 1 1 1 1 1 1 1 1 
吴峰 032063717 1.46081 1 1 1 1 1 1 1 1 1 1 1 1 1 1 1 1 1 1 1 1 
钱冰 032087598 2.98407 1 1 1 1 1 1 1 1 1 1 1 1 1 1 1 1 1 1 1 1 
冯军 032084029 3.58258 1 1 1 1 1 1 1 1 1 1 1 1 1 1 1 1 1 1 1 1 
韩勇 032087282 3.04615 1 1 1 1 1 1 1 1 1 1 1 1 1 1 1 1 1 1 1 1 
褚茗 032094284 1.30491 1 1 1 1 1 1 1 1 1 1 1 1 1 1 1 1 1 1 1 1 
郑融 032096004 2.34060 1 1 1 1 1 1 1 1 1 1 1 1 1 1 1 1 1 1 1 1 
钱俊 032096921 2.76436 1 1 1 1 1 1 1 1 1 1 1 1 1 1 1 1 1 1 1 1 
陈纯 032097071 2.76397 1 1 1 1 1 1 1 1 1 1 1 1 1 1 1 1 1 1 1 1 
冯冰 032097752 3.82049 1 1 1 1 1 1 1 1 1 1 1 1 1 1 1 1 1 1 1 1 
陈冰 032098064 1.95633 1 1 1 1 1 1 1 1 1 1 1 1 1 1 1 1 1 1 1 1 
蒋爽 032098439 1.53064 1 1 1 1 1 1 1 1 1 1 1 1 1 1 1 1 1 1 1 1 

